FO: 17564.2

FOp: 17564.2 6301.37 205.479 19.1781 11038.1 0 0 0 

Inf: 

Routes: 
0 6 11 1 5 1 9 0 
0 7 2 10 3 8 0 

vLoad: 
3650 3230 2623 2623 1843 1843 1396 1396 
3650 3542 3542 2899 2899 2659 2659 

Blevel: 
161000 76150 51630 161000 82340 161000 87110 19130 
161000 79150 161000 83670 161000 120630 32330 

aTime: 
0 3394 6504 7718 11465 13025 16581 20195 
0 3274 3490 7184 8470 10685 14697 

wTime: 
0 1289 0 0 0 0 0 0 
0 0 0 0 0 0 0 

lTime: 
0 5523 7718 8318 13025 13625 17475 20195 
0 3490 4090 8470 9070 11165 14697 

recharged: 
0 0 0 151880 0 157390 0 0 
0 0 124370 0 135860 0 0 

recharge: 
0 0 0 1 0 1 0 0 
0 0 1 0 1 0 0 

FO: 17564.2

FOp: 17564.2 6301.37 205.479 19.1781 11038.1 0 0 0 

Inf: 

Routes: 
0 6 11 1 5 1 9 0 
0 7 2 10 3 8 0 

vLoad: 
3650 3230 2623 2623 1843 1843 1396 1396 
3650 3542 3542 2899 2899 2659 2659 

Blevel: 
161000 76150 51630 161000 82340 161000 87110 19130 
161000 79150 161000 83670 161000 120630 32330 

aTime: 
0 3394 6504 7718 11465 13025 16581 20195 
0 3274 3490 7184 8470 10685 14697 

wTime: 
0 1289 0 0 0 0 0 0 
0 0 0 0 0 0 0 

lTime: 
0 5523 7718 8318 13025 13625 17475 20195 
0 3490 4090 8470 9070 11165 14697 

recharged: 
0 0 0 151880 0 157390 0 0 
0 0 124370 0 135860 0 0 

recharge: 
0 0 0 1 0 1 0 0 
0 0 1 0 1 0 0 

FO: 17564.2

FOp: 17564.2 6301.37 205.479 19.1781 11038.1 0 0 0 

Inf: 

Routes: 
0 6 11 1 5 1 9 0 
0 7 2 10 3 8 0 

vLoad: 
3650 3230 2623 2623 1843 1843 1396 1396 
3650 3542 3542 2899 2899 2659 2659 

Blevel: 
161000 76150 51630 161000 82340 161000 87110 19130 
161000 79150 161000 83670 161000 120630 32330 

aTime: 
0 3394 6504 7718 11465 13025 16581 20195 
0 3274 3490 7184 8470 10685 14697 

wTime: 
0 1289 0 0 0 0 0 0 
0 0 0 0 0 0 0 

lTime: 
0 5523 7718 8318 13025 13625 17475 20195 
0 3490 4090 8470 9070 11165 14697 

recharged: 
0 0 0 151880 0 157390 0 0 
0 0 124370 0 135860 0 0 

recharge: 
0 0 0 1 0 1 0 0 
0 0 1 0 1 0 0 

FO: 17564.2

FOp: 17564.2 6301.37 205.479 19.1781 11038.1 0 0 0 

Inf: 

Routes: 
0 6 11 1 5 1 9 12 
0 7 2 10 3 8 12 

vLoad: 
3650 3230 2623 2623 1843 1843 1396 1396 
3650 3542 3542 2899 2899 2659 2659 

Blevel: 
161000 76150 51630 161000 82340 161000 87110 19130 
161000 79150 161000 83670 161000 120630 32330 

aTime: 
0 3394 6504 7718 11465 13025 16581 20195 
0 3274 3490 7184 8470 10685 14697 

wTime: 
0 1289 0 0 0 0 0 0 
0 0 0 0 0 0 0 

lTime: 
0 5523 7718 8318 13025 13625 17475 20195 
0 3490 4090 8470 9070 11165 14697 

recharged: 
0 0 0 151880 0 157390 0 0 
0 0 124370 0 135860 0 0 

recharge: 
0 0 0 1 0 1 0 0 
0 0 1 0 1 0 0 

FO: 17564.2

FOp: 17564.2 6301.37 205.479 19.1781 11038.1 0 0 0 

Inf: 

Routes: 
0 6 11 1 5 1 9 12 
0 7 2 10 3 8 12 

vLoad: 
3650 3230 2623 2623 1843 1843 1396 1396 
3650 3542 3542 2899 2899 2659 2659 

Blevel: 
161000 76150 51630 161000 82340 161000 87110 19130 
161000 79150 161000 83670 161000 120630 32330 

aTime: 
0 3394 6504 7718 11465 13025 16581 20195 
0 3274 3490 7184 8470 10685 14697 

wTime: 
0 1289 0 0 0 0 0 0 
0 0 0 0 0 0 0 

lTime: 
0 5523 7718 8318 13025 13625 17475 20195 
0 3490 4090 8470 9070 11165 14697 

recharged: 
0 0 0 151880 0 157390 0 0 
0 0 124370 0 135860 0 0 

recharge: 
0 0 0 1 0 1 0 0 
0 0 1 0 1 0 0 

FO: 17564.2

FOp: 17564.2 6301.37 205.479 19.1781 11038.1 0 0 0 

Inf: 

Routes: 
0 6 11 1 5 1 9 12 
0 7 2 10 3 8 12 

vLoad: 
3650 3230 2623 2623 1843 1843 1396 1396 
3650 3542 3542 2899 2899 2659 2659 

Blevel: 
161000 76150 51630 161000 82340 161000 87110 19130 
161000 79150 161000 83670 161000 120630 32330 

aTime: 
0 3394 6504 7718 11465 13025 16581 20195 
0 3274 3490 7184 8470 10685 14697 

wTime: 
0 1289 0 0 0 0 0 0 
0 0 0 0 0 0 0 

lTime: 
0 5523 7718 8318 13025 13625 17475 20195 
0 3490 4090 8470 9070 11165 14697 

recharged: 
0 0 0 151880 0 157390 0 0 
0 0 124370 0 135860 0 0 

recharge: 
0 0 0 1 0 1 0 0 
0 0 1 0 1 0 0 

FO: 17564.2

FOp: 17564.2 6301.37 205.479 19.1781 11038.1 0 0 0 

Inf: 

Routes: 
0 6 11 1 5 1 9 12 
0 7 2 10 3 8 12 

vLoad: 
3650 3230 2623 2623 1843 1843 1396 1396 
3650 3542 3542 2899 2899 2659 2659 

Blevel: 
161000 76150 51630 161000 82340 161000 87110 19130 
161000 79150 161000 83670 161000 120630 32330 

aTime: 
0 3394 6504 7718 11465 13025 16581 20195 
0 3274 3490 7184 8470 10685 14697 

wTime: 
0 1289 0 0 0 0 0 0 
0 0 0 0 0 0 0 

lTime: 
0 5523 7718 8318 13025 13625 17475 20195 
0 3490 4090 8470 9070 11165 14697 

recharged: 
0 0 0 151880 0 157390 0 0 
0 0 124370 0 135860 0 0 

recharge: 
0 0 0 1 0 1 0 0 
0 0 1 0 1 0 0 

FO: 17564.2

FOp: 17564.2 6301.37 205.479 19.1781 11038.1 0 0 0 

Inf: 

Routes: 
0 6 11 1 5 1 9 12 
0 7 2 10 3 8 12 

vLoad: 
3650 3230 2623 2623 1843 1843 1396 1396 
3650 3542 3542 2899 2899 2659 2659 

Blevel: 
161000 76150 51630 161000 82340 161000 87110 19130 
161000 79150 161000 83670 161000 120630 32330 

aTime: 
0 3394 6504 7718 11465 13025 16581 20195 
0 3274 3490 7184 8470 10685 14697 

wTime: 
0 1289 0 0 0 0 0 0 
0 0 0 0 0 0 0 

lTime: 
0 5523 7718 8318 13025 13625 17475 20195 
0 3490 4090 8470 9070 11165 14697 

recharged: 
0 0 0 151880 0 157390 0 0 
0 0 124370 0 135860 0 0 

recharge: 
0 0 0 1 0 1 0 0 
0 0 1 0 1 0 0 

FO: 17564.2

FOp: 17564.2 6301.37 205.479 19.1781 11038.1 0 0 0 

Inf: 

Routes: 
0 6 11 1 5 1 9 12 
0 7 2 10 3 8 12 

vLoad: 
3650 3230 2623 2623 1843 1843 1396 1396 
3650 3542 3542 2899 2899 2659 2659 

Blevel: 
161000 76150 51630 161000 82340 161000 87110 19130 
161000 79150 161000 83670 161000 120630 32330 

aTime: 
0 3394 6504 7718 11465 13025 16581 20195 
0 3274 3490 7184 8470 10685 14697 

wTime: 
0 1289 0 0 0 0 0 0 
0 0 0 0 0 0 0 

lTime: 
0 5523 7718 8318 13025 13625 17475 20195 
0 3490 4090 8470 9070 11165 14697 

recharged: 
0 0 0 151880 0 157390 0 0 
0 0 124370 0 135860 0 0 

recharge: 
0 0 0 1 0 1 0 0 
0 0 1 0 1 0 0 

FO: 17564.2

FOp: 17564.2 6301.37 205.479 19.1781 11038.1 0 0 0 

Inf: 

Routes: 
0 6 11 1 5 1 9 12 
0 7 2 10 3 8 12 

vLoad: 
3650 3230 2623 2623 1843 1843 1396 1396 
3650 3542 3542 2899 2899 2659 2659 

Blevel: 
161000 76150 51630 161000 82340 161000 87110 19130 
161000 79150 161000 83670 161000 120630 32330 

aTime: 
0 3394 6504 7718 11465 13025 16581 20195 
0 3274 3490 7184 8470 10685 14697 

wTime: 
0 1289 0 0 0 0 0 0 
0 0 0 0 0 0 0 

lTime: 
0 5523 7718 8318 13025 13625 17475 20195 
0 3490 4090 8470 9070 11165 14697 

recharged: 
0 0 0 151880 0 157390 0 0 
0 0 124370 0 135860 0 0 

recharge: 
0 0 0 1 0 1 0 0 
0 0 1 0 1 0 0 

FO: 17673.8

FOp: 17673.8 6301.37 273.973 19.1781 11079.3 0 0 0 

Inf: 

Routes: 
0 4 1 5 1 11 6 1 9 12 
0 7 2 10 3 8 12 

vLoad: 
3650 3650 3650 2870 2870 2263 1843 1843 1396 1396 
3650 3542 3542 2899 2899 2659 2659 

Blevel: 
161000 161000 161000 82340 161000 118400 93670 161000 87110 19130 
161000 79150 161000 83670 161000 120630 32330 

aTime: 
0 0 600 4347 5907 8211 10415 11255 14811 18425 
0 3274 3490 7184 8470 10685 14697 

wTime: 
0 0 0 0 0 0 0 0 0 0 
0 0 0 0 0 0 0 

lTime: 
0 600 1200 5907 6507 9425 11255 11855 15705 18425 
0 3490 4090 8470 9070 11165 14697 

recharged: 
0 0 34850 0 157390 0 0 120160 0 0 
0 0 124370 0 135860 0 0 

recharge: 
0 1 1 0 1 0 0 1 0 0 
0 0 1 0 1 0 0 

FO: 17564.2

FOp: 17564.2 6301.37 205.479 19.1781 11038.1 0 0 0 

Inf: 

Routes: 
0 6 11 1 5 1 9 12 
0 7 2 10 3 8 12 

vLoad: 
3650 3230 2623 2623 1843 1843 1396 1396 
3650 3542 3542 2899 2899 2659 2659 

Blevel: 
161000 76150 51630 161000 82340 161000 87110 19130 
161000 79150 161000 83670 161000 120630 32330 

aTime: 
0 3394 6504 7718 11465 13025 16581 20195 
0 3274 3490 7184 8470 10685 14697 

wTime: 
0 1289 0 0 0 0 0 0 
0 0 0 0 0 0 0 

lTime: 
0 5523 7718 8318 13025 13625 17475 20195 
0 3490 4090 8470 9070 11165 14697 

recharged: 
0 0 0 151880 0 157390 0 0 
0 0 124370 0 135860 0 0 

recharge: 
0 0 0 1 0 1 0 0 
0 0 1 0 1 0 0 

FO: 17564.2

FOp: 17564.2 6301.37 205.479 19.1781 11038.1 0 0 0 

Inf: 

Routes: 
0 6 11 1 5 1 9 12 
0 7 2 10 3 8 12 

vLoad: 
3650 3230 2623 2623 1843 1843 1396 1396 
3650 3542 3542 2899 2899 2659 2659 

Blevel: 
161000 76150 51630 161000 82340 161000 87110 19130 
161000 79150 161000 83670 161000 120630 32330 

aTime: 
0 3394 6504 7718 11465 13025 16581 20195 
0 3274 3490 7184 8470 10685 14697 

wTime: 
0 1289 0 0 0 0 0 0 
0 0 0 0 0 0 0 

lTime: 
0 5523 7718 8318 13025 13625 17475 20195 
0 3490 4090 8470 9070 11165 14697 

recharged: 
0 0 0 151880 0 157390 0 0 
0 0 124370 0 135860 0 0 

recharge: 
0 0 0 1 0 1 0 0 
0 0 1 0 1 0 0 

FO: 17564.2

FOp: 17564.2 6301.37 205.479 19.1781 11038.1 0 0 0 

Inf: 

Routes: 
0 6 11 1 5 1 9 12 
0 7 2 10 3 8 12 

vLoad: 
3650 3230 2623 2623 1843 1843 1396 1396 
3650 3542 3542 2899 2899 2659 2659 

Blevel: 
161000 76150 51630 161000 82340 161000 87110 19130 
161000 79150 161000 83670 161000 120630 32330 

aTime: 
0 3394 6504 7718 11465 13025 16581 20195 
0 3274 3490 7184 8470 10685 14697 

wTime: 
0 1289 0 0 0 0 0 0 
0 0 0 0 0 0 0 

lTime: 
0 5523 7718 8318 13025 13625 17475 20195 
0 3490 4090 8470 9070 11165 14697 

recharged: 
0 0 0 151880 0 157390 0 0 
0 0 124370 0 135860 0 0 

recharge: 
0 0 0 1 0 1 0 0 
0 0 1 0 1 0 0 

FO: 17564.2

FOp: 17564.2 6301.37 205.479 19.1781 11038.1 0 0 0 

Inf: 

Routes: 
0 6 11 1 5 1 9 12 
0 7 2 10 3 8 12 

vLoad: 
3650 3230 2623 2623 1843 1843 1396 1396 
3650 3542 3542 2899 2899 2659 2659 

Blevel: 
161000 76150 51630 161000 82340 161000 87110 19130 
161000 79150 161000 83670 161000 120630 32330 

aTime: 
0 3394 6504 7718 11465 13025 16581 20195 
0 3274 3490 7184 8470 10685 14697 

wTime: 
0 1289 0 0 0 0 0 0 
0 0 0 0 0 0 0 

lTime: 
0 5523 7718 8318 13025 13625 17475 20195 
0 3490 4090 8470 9070 11165 14697 

recharged: 
0 0 0 151880 0 157390 0 0 
0 0 124370 0 135860 0 0 

recharge: 
0 0 0 1 0 1 0 0 
0 0 1 0 1 0 0 

FO: 18017.8

FOp: 18017.8 6301.37 273.973 19.1781 11423.3 0 0 0 

Inf: 

Routes: 
0 9 4 1 5 1 11 6 12 
0 7 2 10 3 8 12 

vLoad: 
3650 3203 3203 3203 2423 2423 1816 1396 1396 
3650 3542 3542 2899 2899 2659 2659 

Blevel: 
161000 92790 161000 161000 82340 161000 118400 93670 8980 
161000 79150 161000 83670 161000 120630 32330 

aTime: 
0 2729 8805 12555 16302 19563 21867 24071 28299 
0 3274 5191 8885 12513 14728 18740 

wTime: 
0 1381 0 0 0 0 0 0 0 
0 0 0 0 0 0 0 

lTime: 
0 5004 9405 13155 17862 20163 23081 24911 28299 
0 3490 5791 10171 13113 15208 18740 

recharged: 
0 0 136190 34850 0 157390 0 0 0 
0 0 124370 0 135860 0 0 

recharge: 
0 0 1 1 0 1 0 0 0 
0 0 1 0 1 0 0 

FO: 17564.2

FOp: 17564.2 6301.37 205.479 19.1781 11038.1 0 0 0 

Inf: 

Routes: 
0 6 11 1 5 1 9 12 
0 7 2 10 3 8 12 

vLoad: 
3650 3230 2623 2623 1843 1843 1396 1396 
3650 3542 3542 2899 2899 2659 2659 

Blevel: 
161000 76150 51630 161000 82340 161000 87110 19130 
161000 79150 161000 83670 161000 120630 32330 

aTime: 
0 3394 6504 9419 13166 17674 21230 24844 
0 3274 5191 8885 12513 14728 18740 

wTime: 
0 1289 0 0 0 0 0 0 
0 0 0 0 0 0 0 

lTime: 
0 5523 7718 10019 14726 18274 22124 24844 
0 3490 5791 10171 13113 15208 18740 

recharged: 
0 0 0 151880 0 157390 0 0 
0 0 124370 0 135860 0 0 

recharge: 
0 0 0 1 0 1 0 0 
0 0 1 0 1 0 0 

FO: 17564.2

FOp: 17564.2 6301.37 205.479 19.1781 11038.1 0 0 0 

Inf: 

Routes: 
0 6 11 1 5 1 9 12 
0 7 2 10 3 8 12 

vLoad: 
3650 3230 2623 2623 1843 1843 1396 1396 
3650 3542 3542 2899 2899 2659 2659 

Blevel: 
161000 76150 51630 161000 82340 161000 87110 19130 
161000 79150 161000 83670 161000 120630 32330 

aTime: 
0 3394 6504 9419 13166 17674 21230 24844 
0 3274 5191 8885 12513 14728 18740 

wTime: 
0 1289 0 0 0 0 0 0 
0 0 0 0 0 0 0 

lTime: 
0 5523 7718 10019 14726 18274 22124 24844 
0 3490 5791 10171 13113 15208 18740 

recharged: 
0 0 0 151880 0 157390 0 0 
0 0 124370 0 135860 0 0 

recharge: 
0 0 0 1 0 1 0 0 
0 0 1 0 1 0 0 

FO: 17564.2

FOp: 17564.2 6301.37 205.479 19.1781 11038.1 0 0 0 

Inf: 

Routes: 
0 6 11 1 5 1 9 12 
0 7 2 10 3 8 12 

vLoad: 
3650 3230 2623 2623 1843 1843 1396 1396 
3650 3542 3542 2899 2899 2659 2659 

Blevel: 
161000 76150 51630 161000 82340 161000 87110 19130 
161000 79150 161000 83670 161000 120630 32330 

aTime: 
0 3394 6504 9419 13166 17674 21230 24844 
0 3274 5191 8885 12513 14728 18740 

wTime: 
0 1289 0 0 0 0 0 0 
0 0 0 0 0 0 0 

lTime: 
0 5523 7718 10019 14726 18274 22124 24844 
0 3490 5791 10171 13113 15208 18740 

recharged: 
0 0 0 151880 0 157390 0 0 
0 0 124370 0 135860 0 0 

recharge: 
0 0 0 1 0 1 0 0 
0 0 1 0 1 0 0 

FO: 17673.8

FOp: 17673.8 6301.37 273.973 19.1781 11079.3 0 0 0 

Inf: 

Routes: 
0 4 1 5 1 11 6 1 9 12 
0 7 2 10 3 8 12 

vLoad: 
3650 3650 3650 2870 2870 2263 1843 1843 1396 1396 
3650 3542 3542 2899 2899 2659 2659 

Blevel: 
161000 161000 161000 82340 161000 118400 93670 161000 87110 19130 
161000 79150 161000 83670 161000 120630 32330 

aTime: 
0 0 1994 5741 10451 12755 14959 17913 21469 25083 
0 3274 5191 8885 12513 14728 18740 

wTime: 
0 0 0 0 0 0 0 0 0 0 
0 0 0 0 0 0 0 

lTime: 
0 600 2594 7301 11051 13969 15799 18513 22363 25083 
0 3490 5791 10171 13113 15208 18740 

recharged: 
0 0 34850 0 157390 0 0 120160 0 0 
0 0 124370 0 135860 0 0 

recharge: 
0 1 1 0 1 0 0 1 0 0 
0 0 1 0 1 0 0 

FO: 17564.2

FOp: 17564.2 6301.37 205.479 19.1781 11038.1 0 0 0 

Inf: 

Routes: 
0 6 11 1 5 1 9 12 
0 7 2 10 3 8 12 

vLoad: 
3650 3230 2623 2623 1843 1843 1396 1396 
3650 3542 3542 2899 2899 2659 2659 

Blevel: 
161000 76150 51630 161000 82340 161000 87110 19130 
161000 79150 161000 83670 161000 120630 32330 

aTime: 
0 3394 6504 9419 13166 17876 21432 25046 
0 3274 5191 8885 12513 14728 18740 

wTime: 
0 1289 0 0 0 0 0 0 
0 0 0 0 0 0 0 

lTime: 
0 5523 7718 10019 14726 18476 22326 25046 
0 3490 5791 10171 13113 15208 18740 

recharged: 
0 0 0 151880 0 157390 0 0 
0 0 124370 0 135860 0 0 

recharge: 
0 0 0 1 0 1 0 0 
0 0 1 0 1 0 0 

FO: 17564.2

FOp: 17564.2 6301.37 205.479 19.1781 11038.1 0 0 0 

Inf: 

Routes: 
0 6 11 1 5 1 9 12 
0 7 2 10 3 8 12 

vLoad: 
3650 3230 2623 2623 1843 1843 1396 1396 
3650 3542 3542 2899 2899 2659 2659 

Blevel: 
161000 76150 51630 161000 82340 161000 87110 19130 
161000 79150 161000 83670 161000 120630 32330 

aTime: 
0 3394 6504 9419 13166 17876 21432 25046 
0 3274 5191 8885 12513 14728 18740 

wTime: 
0 1289 0 0 0 0 0 0 
0 0 0 0 0 0 0 

lTime: 
0 5523 7718 10019 14726 18476 22326 25046 
0 3490 5791 10171 13113 15208 18740 

recharged: 
0 0 0 151880 0 157390 0 0 
0 0 124370 0 135860 0 0 

recharge: 
0 0 0 1 0 1 0 0 
0 0 1 0 1 0 0 

FO: 17673.8

FOp: 17673.8 6301.37 273.973 19.1781 11079.3 0 0 0 

Inf: 

Routes: 
0 4 1 5 1 11 6 1 9 12 
0 7 2 10 3 8 12 

vLoad: 
3650 3650 3650 2870 2870 2263 1843 1843 1396 1396 
3650 3542 3542 2899 2899 2659 2659 

Blevel: 
161000 161000 161000 82340 161000 118400 93670 161000 87110 19130 
161000 79150 161000 83670 161000 120630 32330 

aTime: 
0 0 1994 5741 10451 12755 14959 17913 21469 25083 
0 3274 5191 8885 12513 14728 18740 

wTime: 
0 0 0 0 0 0 0 0 0 0 
0 0 0 0 0 0 0 

lTime: 
0 600 2594 7301 11051 13969 15799 18513 22363 25083 
0 3490 5791 10171 13113 15208 18740 

recharged: 
0 0 34850 0 157390 0 0 120160 0 0 
0 0 124370 0 135860 0 0 

recharge: 
0 1 1 0 1 0 0 1 0 0 
0 0 1 0 1 0 0 

FO: 17564.2

FOp: 17564.2 6301.37 205.479 19.1781 11038.1 0 0 0 

Inf: 

Routes: 
0 6 11 1 5 1 9 12 
0 7 2 10 3 8 12 

vLoad: 
3650 3230 2623 2623 1843 1843 1396 1396 
3650 3542 3542 2899 2899 2659 2659 

Blevel: 
161000 76150 51630 161000 82340 161000 87110 19130 
161000 79150 161000 83670 161000 120630 32330 

aTime: 
0 3394 6504 9419 13166 17876 21432 25046 
0 3274 5191 8885 12513 14728 18740 

wTime: 
0 1289 0 0 0 0 0 0 
0 0 0 0 0 0 0 

lTime: 
0 5523 7718 10019 14726 18476 22326 25046 
0 3490 5791 10171 13113 15208 18740 

recharged: 
0 0 0 151880 0 157390 0 0 
0 0 124370 0 135860 0 0 

recharge: 
0 0 0 1 0 1 0 0 
0 0 1 0 1 0 0 

FO: 17153.7

FOp: 17153.7 6301.37 205.479 19.1781 10627.6 0 0 0 

Inf: battery_level vertex_sequence 

Routes: 
0 7 2 2 9 5 1 11 6 12 
0 10 3 8 12 

vLoad: 
3650 3542 3542 3542 3095 2315 2315 1708 1288 1288 
3650 3007 3007 2767 2767 

Blevel: 
161000 79150 36630 161000 165570 113840 35110 118400 93670 8980 
161000 66050 7520 120630 32330 

aTime: 
0 3274 5191 5791 10583 13547 18257 20561 22765 26993 
0 3798 7426 9641 13653 

wTime: 
0 0 0 0 0 0 0 0 0 0 
0 0 0 0 0 

lTime: 
0 3490 5791 5791 11477 15107 18857 21775 23605 26993 
0 5084 8026 10121 13653 

recharged: 
0 0 124370 124370 0 0 125890 0 0 0 
0 0 153480 0 0 

recharge: 
0 0 1 1 0 0 1 0 0 0 
0 0 1 0 0 

FO: 17649.6

FOp: 17649.6 6301.37 205.479 19.1781 11038.1 0 85.425 0 

Inf: 

Routes: 
0 6 11 1 5 1 9 12 
0 7 2 10 3 8 12 

vLoad: 
3650 3230 2623 2623 1843 1843 1396 1396 
3650 3542 3542 2899 2899 2659 2659 

Blevel: 
161000 76150 51630 9120 82340 3610 87110 19130 
161000 79150 36630 83670 25140 120630 32330 

aTime: 
0 3394 6504 9419 13166 17876 21432 25046 
0 3274 5191 8885 12513 14728 18740 

wTime: 
0 1289 0 0 0 0 0 0 
0 0 0 0 0 0 0 

lTime: 
0 5523 7718 10019 14726 18476 22326 25046 
0 3490 5791 10171 13113 15208 18740 

recharged: 
0 0 0 151880 0 157390 0 0 
0 0 124370 0 135860 0 0 

recharge: 
0 0 0 1 0 1 0 0 
0 0 1 0 1 0 0 

