Abergele 3 4 5 9 
Abram 13 2 3 4 5 6 7 8 11 12 14 16 18 19 
Accrington 14 1 2 3 4 5 6 7 8 9 11 14 16 18 20 
Adlington 12 1 2 3 4 6 8 9 11 12 14 16 18 
Albrighton 3 5 10 12 
Aldridge 4 5 12 13 17 
Alfreton 16 1 3 6 7 8 10 11 12 13 14 15 16 17 18 19 20 
Alsager 19 1 2 4 5 6 7 8 9 10 11 12 13 14 15 16 17 18 19 20 
Altrincham 18 1 2 4 5 6 7 8 9 11 12 13 14 15 16 17 18 19 20 
Armthorpe 14 1 2 3 6 7 8 11 13 15 16 17 18 19 20 
Arnold 11 1 2 3 8 10 13 14 15 17 18 20 
Ashby_de_la_Zouch 6 2 5 8 12 13 20 
Ashton-under-Lyne 14 1 3 4 5 6 8 9 10 11 14 15 17 19 20 
Ashton_in_Makerfield 14 1 2 3 4 5 7 8 9 10 11 12 14 16 19 
Atherstone 5 10 12 13 15 17 
Atherton 18 1 2 3 4 5 6 7 8 9 10 11 12 14 15 16 17 19 20 
Attleborough 2 12 17 
Bacup 18 1 2 3 4 7 8 9 10 11 12 13 14 15 16 17 18 19 20 
Baildon 18 1 2 3 4 6 7 8 9 10 11 13 14 15 16 17 18 19 20 
Barnoldswick 14 1 2 3 4 5 6 8 9 11 14 16 18 19 20 
Barnsley 17 1 2 4 5 6 7 8 9 10 11 12 13 14 15 16 19 20 
Barton_upon_Humber 7 1 2 8 13 15 18 20 
Batley 18 1 2 3 4 5 6 8 9 10 11 12 13 14 15 17 18 19 20 
Bebington 12 3 4 5 6 7 9 10 11 12 14 16 19 
Beighton 17 1 2 3 5 6 7 8 10 11 12 13 14 16 17 18 19 20 
Belper 18 1 2 3 5 6 7 8 10 11 12 13 14 15 16 17 18 19 20 
Bentley 15 1 2 3 6 7 8 10 12 13 15 16 17 18 19 20 
Beverley 6 1 2 8 15 18 20 
Bewdley 1 12 
Biddulph 17 1 2 4 5 6 7 8 9 10 11 12 13 15 16 17 18 20 
Bingham 10 1 8 10 12 13 15 16 17 18 20 
Bingley 19 1 2 3 4 5 6 7 8 9 10 11 13 14 15 16 17 18 19 20 
Bircotes 16 1 2 3 7 8 10 11 12 13 14 15 16 17 18 19 20 
Birkenhead 10 3 4 5 6 7 9 10 12 14 19 
Birmingham 2 5 12 
Blackburn 15 1 2 3 4 5 6 8 9 10 11 12 14 16 18 19 
Blackpool 8 3 4 6 7 9 11 14 19 
Blacon 9 4 5 6 9 11 12 14 16 19 
Bollington 19 1 2 3 4 5 6 7 8 9 11 12 13 14 15 16 17 18 19 20 
Bolsover 17 1 2 3 5 6 7 8 10 11 12 13 14 15 16 18 19 20 
Bolton 14 1 2 4 5 6 7 9 11 15 16 17 18 19 20 
Bolton_le_Sands 6 4 6 7 9 11 19 
Bolton_upon_Dearne 18 1 2 3 4 6 7 8 9 10 11 13 14 15 16 17 18 19 20 
Bootle 12 3 4 5 6 7 9 10 11 12 14 16 19 
Boughton 12 1 2 3 7 8 12 14 15 16 17 18 20 
Bourne 2 13 17 
Bradford 19 1 2 3 4 5 6 7 8 9 10 11 12 13 14 15 16 17 18 20 
Bridgnorth 3 5 10 12 
Brierfield 17 1 2 3 4 6 7 8 9 10 11 12 14 15 16 18 19 20 
Brighouse 18 1 2 3 4 5 6 7 9 11 12 13 14 15 16 17 18 19 20 
Brough 6 1 13 15 17 18 20 
Broughton_Astley 2 13 17 
Brownhills 4 10 13 15 17 
Brymbo 8 4 5 6 7 9 10 11 12 
Buckley 9 4 5 6 7 9 10 11 12 19 
Burnley 16 2 3 4 5 6 7 9 10 12 14 15 16 17 18 19 20 
Burntwood 4 5 12 13 15 
Burton_upon_Trent 11 2 5 8 10 12 13 15 16 17 18 20 
Bury 17 1 2 4 6 7 9 10 11 12 13 14 15 16 17 18 19 20 
Buxton 18 1 2 3 4 5 6 7 8 9 10 11 12 14 15 17 18 19 20 
Cannock 4 5 10 12 13 
Carcroft 15 1 2 3 6 7 8 10 11 13 15 16 17 18 19 20 
Castleford 14 1 2 3 6 7 8 9 10 14 15 16 17 18 19 
Chapel_Allerton 16 1 3 4 6 7 8 9 10 11 13 15 16 17 18 19 20 
Chapletown 17 1 3 4 5 6 8 9 10 12 13 14 15 16 17 18 19 20 
Chasetown 6 5 10 12 13 15 17 
Chester 8 4 5 6 10 12 14 16 19 
Chesterfield 19 1 2 3 4 5 6 7 8 9 10 11 13 14 15 16 17 18 19 20 
Chorley 15 1 2 3 4 5 6 8 9 10 11 12 14 16 18 19 
Clayton_West 19 1 2 3 4 5 6 7 8 9 11 12 13 14 15 16 17 18 19 20 
Clayton_le_Moors 16 1 2 3 4 5 6 7 8 9 10 11 12 16 18 19 20 
Cleckheaton 18 1 2 4 5 6 7 8 9 10 11 12 13 14 15 16 17 18 20 
Cleethorpes 1 20 
Clitheroe 16 1 2 3 4 5 6 7 8 9 10 11 12 14 16 18 19 
Clowne 15 1 2 5 7 8 10 11 12 13 14 15 16 17 18 20 
Coalville 5 5 10 13 15 17 
Codsall 3 5 10 12 
Colwyn_Bay 1 5 
Congleton 19 1 2 3 4 5 6 7 8 9 11 12 13 14 15 16 17 18 19 20 
Conisbrough 17 1 2 3 6 7 8 10 11 12 13 14 15 16 17 18 19 20 
Coppull 15 1 2 3 4 5 7 8 9 10 11 12 14 16 18 19 
Cotgrave 9 1 2 8 10 13 15 17 18 20 
Crewe 17 2 3 5 6 7 8 9 10 11 12 13 14 15 16 17 18 19 
Crosby 10 3 4 5 6 7 9 11 14 16 19 
Cudworth 18 1 2 3 4 5 6 8 9 10 11 13 14 15 16 17 18 19 20 
Culcheth 17 1 2 4 5 6 7 8 9 10 11 14 15 16 17 18 19 20 
Darfield 19 1 2 3 4 5 6 7 8 9 11 12 13 14 15 16 17 18 19 20 
Darton 18 1 2 3 4 5 6 8 9 10 12 13 14 15 16 17 18 19 20 
Darwen 14 2 3 4 5 6 7 8 9 10 11 14 16 18 19 
Denbigh 4 4 5 9 12 
Denton 16 1 2 3 4 5 6 9 10 11 12 13 15 16 17 19 20 
Derby 14 1 2 3 5 7 8 12 13 14 15 16 17 18 20 
Dewsbury 16 1 2 4 5 7 9 11 12 13 14 15 16 17 18 19 20 
Donaghadee 6 4 5 6 7 9 11 
Doncaster 15 1 2 3 6 7 8 11 12 13 15 16 17 18 19 20 
Driffield 2 1 20 
Dronfield 17 1 2 3 4 6 8 10 11 12 13 14 15 16 17 18 19 20 
Droylsden 17 2 3 4 6 7 8 9 10 11 12 13 14 15 17 18 19 20 
Dudley 2 10 12 
Dukinfield 19 1 2 3 4 5 6 7 8 9 10 11 12 13 14 15 17 18 19 20 
Eccles 16 1 2 3 4 5 6 8 9 10 11 12 13 14 15 18 20 
Elland 17 1 3 4 5 6 7 8 9 10 11 13 14 15 16 17 19 20 
Ellesmere_Port 13 3 4 5 6 7 9 10 11 12 14 16 18 19 
Enderby 2 13 17 
Euxton 16 1 2 3 4 5 6 7 8 9 10 11 12 14 16 18 19 
Failsworth 18 1 2 3 4 5 6 7 8 9 10 11 12 13 15 16 18 19 20 
Farnworth 18 1 2 3 4 5 6 7 9 10 11 12 13 14 15 17 18 19 20 
Fazeley 5 5 10 12 13 15 
Featherstone 16 1 2 3 4 7 8 9 10 11 13 14 15 17 18 19 20 
Fleetwood 6 4 6 7 9 11 19 
Flint 6 4 5 9 11 12 19 
Formby 10 3 4 5 6 9 11 12 14 16 19 
Freckleton 10 3 4 5 6 7 9 10 11 14 19 
Frodsham 14 2 3 4 5 6 7 8 9 10 12 14 16 18 19 
Gainsborough 9 1 2 3 10 13 14 15 17 20 
Garforth 16 1 2 3 4 6 7 8 9 11 14 15 16 17 18 19 20 
Glossop 19 1 2 3 4 5 6 7 8 9 10 11 13 14 15 16 17 18 19 20 
Glusburn 17 1 2 3 4 6 7 8 9 10 11 14 15 16 17 18 19 20 
Golborne 14 1 2 3 4 5 6 7 8 9 10 11 12 18 19 
Goole 12 1 2 3 8 13 14 15 16 17 18 19 20 
Grantham 6 2 8 13 15 17 20 
Great_Harwood 16 1 2 3 4 5 6 7 8 9 10 11 12 14 16 18 19 
Great_Sankey 12 1 2 3 4 5 6 7 9 11 14 16 17 
Great_Wyrley 4 10 12 13 17 
Hadley 3 4 10 12 
Halifax 18 1 2 3 4 5 6 7 8 9 10 11 13 15 16 17 18 19 20 
Harrogate 12 1 2 6 7 8 11 14 15 17 18 19 20 
Haslingden 16 1 2 5 6 7 8 9 10 11 12 14 15 16 17 19 20 
Hawarden 10 4 5 6 7 9 10 11 12 16 19 
Haxby 10 1 2 3 13 14 15 17 18 19 20 
Haydock 13 1 3 4 5 6 7 8 9 11 12 14 16 19 
Heanor 12 1 3 7 8 12 13 14 15 16 17 18 20 
Heckmondwike 18 1 2 3 4 5 6 7 8 9 11 12 13 14 15 16 18 19 20 
Hedon 1 20 
Hemsworth 17 1 2 3 4 6 7 8 9 11 12 13 14 15 16 17 19 20 
Heswall 7 4 5 9 11 12 16 19 
Heywood 17 1 2 3 4 6 7 8 9 11 13 14 15 16 17 18 19 20 
Hinckley 2 13 17 
Hindley 15 1 2 3 4 5 6 7 8 9 11 14 16 17 18 19 
Holywell 4 4 7 9 11 
Horbury 18 1 2 3 4 5 6 7 8 9 11 12 13 15 16 17 18 19 20 
Hornsea 1 20 
Horsforth 16 1 2 3 4 6 8 9 10 11 13 14 15 16 18 19 20 
Horwich 14 1 3 4 5 6 7 8 9 10 11 12 14 16 19 
Hoyland_Nether 18 2 3 4 5 6 7 8 9 10 11 12 13 15 16 17 18 19 20 
Hucknall_Torkard 11 1 2 3 7 8 13 14 15 16 17 20 
Huddersfield 18 1 2 3 4 5 6 7 8 9 10 11 13 14 15 17 18 19 20 
Humberston 1 20 
Huyton 9 4 5 6 7 9 10 11 16 19 
Hyde 17 1 2 3 4 5 7 8 9 10 11 13 15 16 17 18 19 20 
Ilkeston 14 1 2 3 5 7 8 10 12 13 15 16 17 18 20 
Ilkley 17 1 2 3 4 7 8 9 10 11 13 14 15 16 17 18 19 20 
Immingham 7 1 2 8 13 15 17 20 
Ince-in-Makerfield 13 1 2 4 5 6 7 8 10 11 14 16 18 19 
Irlam 19 1 2 3 4 5 6 8 9 10 11 12 13 14 15 16 17 18 19 20 
Kearsley 20 1 2 3 4 5 6 7 8 9 10 11 12 13 14 15 16 17 18 19 20 
Keighley 19 1 2 3 4 5 6 7 8 9 10 11 13 14 15 16 17 18 19 20 
Kendal 1 9 
Kidsgrove 16 1 2 3 4 5 8 9 10 11 12 13 16 17 18 19 20 
Killamarsh 17 1 2 3 5 6 7 8 10 12 13 14 15 16 17 18 19 20 
Kimberley 14 1 2 3 5 7 10 12 13 14 15 16 17 18 20 
Kingston_upon_Hull 4 1 2 8 20 
Kirby_Muxloe 4 10 13 15 17 
Kirk_Sandall 16 1 2 3 6 7 8 10 11 13 14 15 16 17 18 19 20 
Kirkby 12 3 4 6 7 9 10 11 12 14 16 18 19 
Kirkby_in_Ashfield 13 1 2 3 7 8 10 12 13 14 15 16 18 20 
Kirkham 9 3 4 5 6 7 9 11 14 19 
Knaresborough 15 1 2 3 6 7 8 11 13 14 15 16 17 18 19 20 
Knottingley 14 1 3 6 7 8 10 11 13 14 15 16 18 19 20 
Knutsford 17 1 3 4 5 6 7 8 9 10 11 13 14 15 17 18 19 20 
Lancaster 6 3 4 6 9 11 19 
Leeds 16 1 2 3 4 6 7 8 9 11 13 14 15 16 17 18 20 
Leek 19 1 2 3 4 5 6 7 8 9 10 11 12 13 14 15 17 18 19 20 
Leicester 3 13 15 17 
Leigh 18 1 2 3 4 5 6 7 8 9 10 11 14 15 16 17 18 19 20 
Leyland 12 3 4 5 6 7 9 10 11 14 16 18 19 
Lichfield 6 5 10 12 13 15 17 
Lincoln 7 1 2 13 15 17 18 20 
Litherland 12 3 4 5 6 7 9 10 11 12 14 16 19 
Little_Lever 16 1 2 3 6 7 8 9 10 13 14 15 16 17 18 19 20 
Liverpool 13 3 4 5 6 7 9 10 11 12 14 16 18 19 
Lofthouse 15 1 2 4 6 7 8 9 10 11 14 15 17 18 19 20 
Long_Eaton 12 1 2 5 8 10 12 13 15 16 17 18 20 
Longdendale 20 1 2 3 4 5 6 7 8 9 10 11 12 13 14 15 16 17 18 19 20 
Longridge 13 1 3 4 5 6 7 9 10 12 14 16 18 19 
Longton 17 2 3 4 5 6 7 8 9 12 13 14 15 16 17 18 19 20 
Loughborough 7 2 8 10 12 13 15 20 
Louth 2 13 20 
Lymm 18 1 2 3 4 5 6 8 9 10 11 12 13 14 15 16 18 19 20 
Macclesfield 18 1 3 4 5 6 8 9 10 11 12 13 14 15 16 17 18 19 20 
Maltby 15 1 2 6 7 8 10 11 12 13 14 15 17 18 19 20 
Manchester 17 2 4 6 7 8 9 10 11 12 13 14 15 16 17 18 19 20 
Mansfield 15 1 2 3 5 7 8 10 11 13 14 15 16 18 19 20 
Mansfield_Woodhouse 14 1 2 3 5 7 10 12 13 14 15 16 17 19 20 
Market_Drayton 10 4 5 6 7 9 11 12 16 17 19 
Marple 18 1 2 3 4 5 6 7 8 9 10 11 12 13 15 17 18 19 20 
Matlock 18 1 2 3 4 5 6 7 8 9 10 11 12 13 14 15 16 18 20 
Meltham 20 1 2 3 4 5 6 7 8 9 10 11 12 13 14 15 16 17 18 19 20 
Melton_Mowbray 5 8 13 15 17 20 
Mexborough 16 1 2 3 6 7 8 9 10 11 12 13 14 15 17 18 19 
Middleton 18 2 3 4 5 6 7 8 9 10 11 12 13 14 15 16 17 19 20 
Middlewich 17 1 2 3 4 5 6 8 9 11 12 13 14 15 16 17 18 19 
Milnrow 17 1 2 3 4 5 6 7 8 9 10 11 12 13 16 17 18 20 
Mirfield 17 1 2 3 4 5 6 8 9 10 11 13 14 15 16 17 18 20 
Morecambe 6 4 6 7 9 11 19 
Morley 17 1 2 3 4 5 6 8 9 11 12 13 15 16 17 18 19 20 
Mossley 17 1 2 3 4 7 8 9 10 11 13 14 15 16 17 18 19 20 
Mountsorrel 6 8 12 13 15 17 20 
Nantwich 10 4 6 9 10 11 12 16 17 18 19 
Nelson 17 1 2 3 4 5 6 7 8 9 11 12 14 15 16 18 19 20 
New_Mills 18 1 3 4 5 6 7 8 9 10 11 12 13 14 15 17 18 19 20 
Newcastle_under_Lyme 17 2 3 4 5 6 7 8 9 11 12 13 14 15 17 18 19 20 
Newton-le-Willows 13 1 2 3 6 7 8 9 10 11 12 16 18 19 
North_Ferriby 9 1 2 3 8 13 15 17 18 20 
Northallerton 1 1 
Northwich 18 1 2 3 5 6 7 8 9 10 11 12 13 14 15 16 17 18 19 
Nottingham 10 1 2 12 13 14 15 16 17 18 20 
Nuneaton 3 10 12 17 
Oadby 3 13 15 17 
Oakham 3 13 15 17 
Oldham 19 1 2 3 4 5 6 8 9 10 11 12 13 14 15 16 17 18 19 20 
Ormskirk 11 3 4 5 6 9 11 12 14 16 18 19 
Ossett 18 1 2 3 4 5 6 7 8 9 10 12 13 14 16 17 18 19 20 
Oswestry 4 4 5 9 12 
Otley 16 1 2 3 4 6 7 8 9 10 11 13 14 15 16 17 20 
Padiham 15 1 3 4 5 6 7 9 10 11 12 14 16 18 19 20 
Partington 16 1 2 3 4 5 6 8 9 13 14 15 16 17 18 19 20 
Pelsall 5 5 10 12 13 17 
Penistone 18 1 2 4 5 6 7 8 9 10 11 12 13 14 15 16 18 19 20 
Penkridge 6 4 5 7 13 16 17 
Pinxton 16 1 2 3 5 7 8 10 11 12 13 14 15 16 17 18 19 
Pocklington 10 1 2 3 8 13 14 15 17 18 20 
Pontefract 16 1 2 3 4 6 7 8 9 10 11 13 14 15 16 17 20 
Poulton_le_Fylde 9 3 4 5 6 7 9 11 14 19 
Poynton 18 1 2 3 4 5 6 7 8 9 10 11 12 13 14 16 17 18 19 
Prescot 11 4 5 6 7 8 9 10 11 16 18 19 
Prestatyn 4 4 5 9 12 
Preston 12 3 4 5 6 7 9 10 11 14 16 18 19 
Prestwich 17 1 2 3 4 5 6 7 8 9 12 13 14 15 17 18 19 20 
Pudsey 15 1 2 3 4 6 8 9 13 14 15 16 17 18 19 20 
Queensbury 18 1 2 3 4 5 6 7 8 9 11 12 13 14 15 17 18 19 20 
Radcliffe 15 1 2 4 5 6 7 8 9 12 13 16 17 18 19 20 
Radcliffe_on_Trent 11 1 2 8 10 12 13 15 16 17 18 20 
Rainworth 14 1 2 3 7 8 10 12 13 14 15 16 17 18 20 
Ramsbottom 17 1 3 4 5 6 7 9 10 11 12 13 14 15 16 17 19 20 
Rawmarsh 18 1 3 4 5 6 7 8 9 11 12 13 14 15 16 17 18 19 20 
Rawtenstall 16 1 3 4 5 6 7 8 9 11 12 14 15 16 17 19 20 
Retford 11 1 2 3 7 8 13 15 16 17 18 20 
Rhosllanerchrugog 8 4 5 6 7 9 10 11 12 
Rhyl 3 4 5 9 
Ripon 10 1 2 3 6 7 11 14 18 19 20 
Rishton 16 1 2 3 4 5 6 8 9 10 11 12 14 16 18 19 20 
Rochdale 19 1 2 3 4 5 6 7 8 9 10 11 12 13 14 15 16 17 19 20 
Rotherham 17 1 2 3 4 5 6 7 9 10 11 12 13 14 15 17 18 20 
Royston 16 1 2 3 4 6 7 8 9 11 13 14 15 16 17 18 20 
Royton 18 1 2 3 4 5 6 7 8 9 10 12 13 14 16 17 18 19 20 
Rugeley 10 4 5 7 8 10 12 13 15 16 17 
Runcorn 14 2 4 5 6 7 8 9 10 11 12 14 16 18 19 
Ryton 2 5 12 
Saint_Helens 15 1 2 4 5 6 7 8 9 10 11 12 14 16 18 19 
Sale 20 1 2 3 4 5 6 7 8 9 10 11 12 13 14 15 16 17 18 19 20 
Salford 19 1 2 3 4 5 6 7 8 9 10 12 13 14 15 16 17 18 19 20 
Sandbach 17 2 3 4 5 6 7 8 9 10 11 12 13 15 17 18 19 20 
Scalby 10 1 2 3 8 13 14 15 17 18 20 
Scunthorpe 9 1 2 8 13 14 15 17 18 20 
Selby 13 2 3 6 7 8 11 13 14 15 17 18 19 20 
Sheffield 18 1 2 3 4 5 7 8 9 10 12 13 14 15 16 17 18 19 20 
Shepshed 8 2 8 10 12 13 15 17 20 
Shipley 19 1 2 3 4 5 6 7 8 9 10 11 13 14 15 16 17 18 19 20 
Shirebrook 14 1 3 7 8 10 11 13 14 15 16 17 18 19 20 
Shrewsbury 4 4 5 10 12 
Sileby 5 8 10 13 15 20 
Silsden 16 1 2 4 6 7 8 9 10 13 14 15 16 17 18 19 20 
Skelmersdale 12 3 4 5 6 7 9 10 11 12 14 16 19 
Skipton 14 1 2 3 4 6 7 8 9 11 14 15 16 18 20 
Sleaford 4 13 15 17 20 
Solihull 1 12 
South_Elmsall 15 1 2 3 4 6 8 9 11 13 14 15 16 17 19 20 
Southport 9 3 4 5 6 9 12 14 16 19 
Stafford 11 4 5 7 9 10 11 12 13 15 16 17 
Stalybridge 20 1 2 3 4 5 6 7 8 9 10 11 12 13 14 15 16 17 18 19 20 
Stamford 1 13 
Staveley 18 1 2 3 6 7 8 9 10 11 12 13 14 15 16 17 18 19 20 
Stockport 17 1 4 5 6 7 8 9 10 12 13 14 15 16 17 18 19 20 
Stocksbridge 18 1 2 3 4 5 7 8 9 10 11 13 14 15 16 17 18 19 20 
Stoke-on-Trent 15 2 3 4 5 6 7 8 9 11 12 13 15 16 18 19 
Stourbridge 3 5 10 12 
Stretford 18 1 3 4 6 7 8 9 10 11 12 13 14 15 16 17 18 19 20 
Sutton_Coldfield 5 5 10 12 13 17 
Sutton_in_Ashfield 13 1 2 3 7 8 11 13 15 16 17 18 19 20 
Swadlincote 8 2 5 10 12 13 15 17 20 
Tamworth 5 5 10 13 15 17 
Tarleton 12 3 4 5 6 9 10 11 12 14 16 18 19 
Telford 3 5 10 12 
Thirsk 6 1 2 3 8 14 18 
Todmorden 19 1 2 3 4 6 7 8 9 10 11 12 13 14 15 16 17 18 19 20 
Tottington 15 1 2 4 5 7 8 9 11 12 13 14 16 18 19 20 
Tyldesley 19 1 2 3 4 5 6 7 8 9 10 11 12 13 14 15 16 17 18 20 
Urmston 17 1 2 3 4 5 6 7 9 11 12 13 14 15 16 17 18 20 
Uttoxeter 18 1 2 4 5 6 7 8 9 10 11 13 14 15 16 17 18 19 20 
Wakefield 16 1 2 3 4 5 6 8 9 11 13 14 15 16 18 19 20 
Walkden 18 1 2 3 4 5 6 7 8 9 10 11 12 13 14 15 16 17 20 
Wallasey 11 3 4 5 6 7 9 11 12 14 16 19 
Walsall 4 5 10 12 17 
Wardle 19 1 2 3 4 5 6 7 8 9 10 11 12 13 14 15 16 17 18 20 
Warrington 14 2 3 4 5 7 8 9 10 12 14 16 17 18 19 
Warsop 16 1 2 3 7 8 10 11 12 13 14 15 16 17 18 19 20 
Wath_upon_Dearne 19 1 2 3 4 5 6 7 8 9 10 11 12 13 14 15 16 18 19 20 
Watton 2 2 20 
Wellington 4 4 5 10 12 
West_Bridgford 10 1 2 10 12 13 15 16 17 18 20 
West_Bromwich 1 12 
Westhoughton 16 1 2 3 4 6 7 9 10 12 14 15 16 17 18 19 20 
Wetherby 16 1 2 3 6 7 8 10 11 13 14 15 16 17 18 19 20 
Whitefield 19 1 2 3 4 5 6 7 8 9 10 11 12 13 14 15 16 17 18 20 
Widnes 13 2 3 4 5 6 8 9 10 11 12 14 18 19 
Wigan 14 1 2 3 4 5 6 7 10 11 12 14 16 18 19 
Wigston_Magna 3 13 15 17 
Wilmslow 17 1 2 3 4 5 6 7 9 10 11 12 13 14 15 16 19 20 
Winsford 12 2 3 4 5 6 7 9 10 11 14 17 19 
Wolverhampton 2 5 12 
Wombwell 19 1 3 4 5 6 7 8 9 10 11 12 13 14 15 16 17 18 19 20 
Worksop 14 1 2 3 8 10 11 12 13 14 15 16 17 18 20 
Wrecsam 8 5 6 7 9 10 11 12 19 
Wymondham 4 13 15 17 20 
York 11 1 2 3 7 8 14 15 17 18 19 20 
Yr_Wyddgrug 6 4 5 6 7 9 11 
