FO: 17564.2

FOp: 17564.2 6301.37 205.479 19.1781 11038.1 0 0 0 

Inf: 

Routes: 
0 6 11 1 5 1 9 0 
0 7 2 10 3 8 0 

vLoad: 
3650 3230 2623 2623 1843 1843 1396 1396 
3650 3542 3542 2899 2899 2659 2659 

Blevel: 
161000 76150 51630 161000 82340 161000 87110 19130 
161000 79150 161000 83670 161000 120630 32330 

aTime: 
0 3394 6504 7718 11465 13025 16581 20195 
0 3274 3490 7184 8470 10685 14697 

wTime: 
0 1289 0 0 0 0 0 0 
0 0 0 0 0 0 0 

lTime: 
0 5523 7718 8318 13025 13625 17475 20195 
0 3490 4090 8470 9070 11165 14697 

recharged: 
0 0 0 151880 0 157390 0 0 
0 0 124370 0 135860 0 0 

recharge: 
0 0 0 1 0 1 0 0 
0 0 1 0 1 0 0 

FO: 17564.2

FOp: 17564.2 6301.37 205.479 19.1781 11038.1 0 0 0 

Inf: 

Routes: 
0 6 11 1 5 1 9 0 
0 7 2 10 3 8 0 

vLoad: 
3650 3230 2623 2623 1843 1843 1396 1396 
3650 3542 3542 2899 2899 2659 2659 

Blevel: 
161000 76150 51630 161000 82340 161000 87110 19130 
161000 79150 161000 83670 161000 120630 32330 

aTime: 
0 3394 6504 7718 11465 13025 16581 20195 
0 3274 3490 7184 8470 10685 14697 

wTime: 
0 1289 0 0 0 0 0 0 
0 0 0 0 0 0 0 

lTime: 
0 5523 7718 8318 13025 13625 17475 20195 
0 3490 4090 8470 9070 11165 14697 

recharged: 
0 0 0 151880 0 157390 0 0 
0 0 124370 0 135860 0 0 

recharge: 
0 0 0 1 0 1 0 0 
0 0 1 0 1 0 0 

FO: 17564.2

FOp: 17564.2 6301.37 205.479 19.1781 11038.1 0 0 0 

Inf: 

Routes: 
0 6 11 1 5 1 9 0 
0 7 2 10 3 8 0 

vLoad: 
3650 3230 2623 2623 1843 1843 1396 1396 
3650 3542 3542 2899 2899 2659 2659 

Blevel: 
161000 76150 51630 161000 82340 161000 87110 19130 
161000 79150 161000 83670 161000 120630 32330 

aTime: 
0 3394 6504 7718 11465 13025 16581 20195 
0 3274 3490 7184 8470 10685 14697 

wTime: 
0 1289 0 0 0 0 0 0 
0 0 0 0 0 0 0 

lTime: 
0 5523 7718 8318 13025 13625 17475 20195 
0 3490 4090 8470 9070 11165 14697 

recharged: 
0 0 0 151880 0 157390 0 0 
0 0 124370 0 135860 0 0 

recharge: 
0 0 0 1 0 1 0 0 
0 0 1 0 1 0 0 

FO: 17564.2

FOp: 17564.2 6301.37 205.479 19.1781 11038.1 0 0 0 

Inf: 

Routes: 
0 6 11 1 5 1 9 12 
0 7 2 10 3 8 12 

vLoad: 
3650 3230 2623 2623 1843 1843 1396 1396 
3650 3542 3542 2899 2899 2659 2659 

Blevel: 
161000 76150 51630 161000 82340 161000 87110 19130 
161000 79150 161000 83670 161000 120630 32330 

aTime: 
0 3394 6504 7718 11465 13025 16581 20195 
0 3274 3490 7184 8470 10685 14697 

wTime: 
0 1289 0 0 0 0 0 0 
0 0 0 0 0 0 0 

lTime: 
0 5523 7718 8318 13025 13625 17475 20195 
0 3490 4090 8470 9070 11165 14697 

recharged: 
0 0 0 151880 0 157390 0 0 
0 0 124370 0 135860 0 0 

recharge: 
0 0 0 1 0 1 0 0 
0 0 1 0 1 0 0 

FO: 17564.2

FOp: 17564.2 6301.37 205.479 19.1781 11038.1 0 0 0 

Inf: 

Routes: 
0 6 11 1 5 1 9 12 
0 7 2 10 3 8 12 

vLoad: 
3650 3230 2623 2623 1843 1843 1396 1396 
3650 3542 3542 2899 2899 2659 2659 

Blevel: 
161000 76150 51630 161000 82340 161000 87110 19130 
161000 79150 161000 83670 161000 120630 32330 

aTime: 
0 3394 6504 7718 11465 13025 16581 20195 
0 3274 3490 7184 8470 10685 14697 

wTime: 
0 1289 0 0 0 0 0 0 
0 0 0 0 0 0 0 

lTime: 
0 5523 7718 8318 13025 13625 17475 20195 
0 3490 4090 8470 9070 11165 14697 

recharged: 
0 0 0 151880 0 157390 0 0 
0 0 124370 0 135860 0 0 

recharge: 
0 0 0 1 0 1 0 0 
0 0 1 0 1 0 0 

