Runtime: 367.00
Objective function    : 6390.58
	Depot siting cost  : 6301.37
	BSS siting cost    : 0.00
	Vehicle cost       : 19.18
	Driving cost       : 52.49
	BRS energy cost    : 17.54
	BSS energy cost    : 0.00
	BSS use cost       : 0.00
	Punishment         : 0.00
Objective function*   : 92140072.00

Infeasibility: 

Permutation: 15, 10, 11, 13, 9, 16, 8, 6, 12, 7, 14, 

Depots sited: 0 

Stations sited: 

Routes: 
0 15 10 11 13 17 
0 6 7 14 9 16 8 12 17 

Distances: 
15940.00 57620.00 39690.00 34830.00 10910.00 
20250.00 18450.00 22440.00 65660.00 46170.00 45450.00 2730.00 43700.00 

Total distance: 423840
Travelling time: 
178.00 641.00 441.00 387.00 122.00 
225.00 205.00 250.00 730.00 513.00 505.00 31.00 486.00 

Total time: 4714
Due date: 
32400 20813 23090 22847 23564 32400 
32400 21519 20908 21162 23992 21199 23972 20880 32400 

Arrival time: 
0 178 1738 3777 5472 12025 
0 225 3361 4039 5839 6716 8867 9492 5324 

Ready time: 
0 797 1735 2328 3407 0 
0 1970 2187 1163 3907 1275 3832 1663 0 

Waiting time: 
0 619 0 0 0 0 
0 1745 0 0 0 0 0 0 0 

Service time: 
0 300 1598 1308 598 0 
0 1186 428 1070 364 1646 594 576 0 

Departure time: 
0 1097 3336 5085 6070 12025 
0 3156 3789 5109 6203 8362 9461 10068 5324 

Battery level: 
161000 145060 91640 74322 57804 0 
161000 140750 138904 122456 71776 30702 8296 13882 0 

Vehicle load: 
3650 3500 2701 2047 1748 158 
3650 3057 2843 2308 2126 1303 1006 718 2308 

Demands: 
0 150 799 654 299 0 
0 593 214 535 182 823 297 288 0 

Recharge: 
0 1 1 1 1 1 
0 1 0 0 0 0 0 0 1 

Recharged: 
0 4200 22372 18312 8372 0 
0 1556 0 0 0 0 0 0 0 

